[
	[
		[0, 3601, 0.0, 0, 0, 0.0]
	],
	[
		[0, 3601, 0.0, 0, 0, 0.0],
		[7, 868.2576347433808, 0.0, 1, 0, 0.0],
		[13, 809.9749319962079, 0.0, 1, 0, 0.0],
		[36, 680.1999992476683, 0.0, 1, 0, 0.0],
		[42, 715.5484604665332, 0.0, 1, 0, 0.0],
		[55, 612.384341344857, 0.0, 1, 0, 0.0],
		[62, 544.7795547208246, 0.0, 1, 0, 0.0],
		[73, 569.4263490146229, 0.0, 1, 0, 0.0],
		[101, 525.5050231290801, 0.0, 1, 0, 0.0],
		[115, 537.7643358749635, 0.0, 1, 0, 0.0],
		[126, 530.905197173686, 0.0, 1, 0, 0.0],
		[154, 434.63231400189346, 0.0, 1, 0, 0.0],
		[162, 426.35399126330276, 0.0, 1, 0, 0.0],
		[180, 384.6527263071957, 0.0, 1, 0, 0.0],
		[183, 409.70407567493805, 0.0, 1, 0, 0.0],
		[193, 404.24103723286737, 0.0, 1, 0, 0.0],
		[250, 183.24028714485456, 0.0, 1, 0, 0.0],
		[254, 145.6139695320329, 0.0, 1, 0, 0.0],
		[268, 111.41808909458695, 0.0, 1, 0, 0.0],
		[293, 59.580902680709386, 0.0, 1, 0, 0.0]
	],
	[
		[0, 3601, 0.0, 0, 0, 0.0],
		[6, 851.0743939441797, 0.0, 2, 0, 0.0],
		[39, 715.3656299386565, 0.0, 2, 0, 0.0],
		[41, 710.5719386395353, 0.0, 2, 0, 0.0],
		[69, 580.0186378981887, 0.0, 2, 0, 0.0],
		[72, 555.261566410801, 0.0, 2, 0, 0.0],
		[98, 480.22104012429713, 0.0, 2, 0, 0.0],
		[105, 494.0640240956679, 0.0, 2, 0, 0.0],
		[116, 491.46285117250716, 0.0, 2, 0, 0.0],
		[134, 488.41877734586257, 0.0, 2, 0, 0.0],
		[157, 425.68630935584963, 0.0, 2, 0, 0.0],
		[160, 426.208973886103, 0.0, 2, 0, 0.0],
		[166, 419.56447812317407, 0.0, 2, 0, 0.0],
		[177, 383.388355346703, 0.0, 2, 0, 0.0],
		[181, 402.8578201416389, 0.0, 2, 0, 0.0],
		[214, 359.2792833944122, 0.0, 2, 0, 0.0],
		[231, 266.2032930486645, 0.0, 2, 0, 0.0],
		[255, 137.34160586828781, 0.0, 2, 0, 0.0],
		[274, 78.90158853315701, 0.0, 2, 0, 0.0],
		[288, 15.980954765505235, 0.0, 2, 0, 0.0],
		[296, 19.426113149692313, 0.0, 2, 0, 0.0]
	],
	[
		[0, 3601, 0.0, 0, 0, 0.0],
		[4, 854.0035695812454, 0.0, 3, 0, 0.0],
		[20, 791.5032522343391, 0.0, 3, 0, 0.0],
		[24, 771.0281393392883, 0.0, 3, 0, 0.0],
		[51, 610.4468434200485, 0.0, 3, 0, 0.0],
		[71, 587.6251003947591, 0.0, 3, 0, 0.0],
		[109, 514.1789086554732, 0.0, 3, 0, 0.0],
		[110, 521.998291094571, 0.0, 3, 0, 0.0],
		[123, 515.7339794555018, 0.0, 3, 0, 0.0],
		[132, 503.83490950537237, 0.0, 3, 0, 0.0],
		[189, 395.25095209748065, 0.0, 3, 0, 0.0],
		[190, 406.4093616512441, 0.0, 3, 0, 0.0],
		[200, 357.3225733792563, 0.0, 3, 0, 0.0],
		[203, 345.1170716570372, 0.0, 3, 0, 0.0],
		[230, 251.17031406974405, 0.0, 3, 0, 0.0],
		[243, 198.68074020376787, 0.0, 3, 0, 0.0],
		[248, 185.21688315157573, 0.0, 3, 0, 0.0]
	],
	[
		[0, 3601, 0.0, 0, 0, 0.0],
		[11, 889.0823287962316, 0.0, 4, 0, 0.0],
		[15, 785.2451301422445, 0.0, 4, 0, 0.0],
		[40, 684.7524724291849, 0.0, 4, 0, 0.0],
		[68, 584.7148241321073, 0.0, 4, 0, 0.0],
		[85, 568.8321164765666, 0.0, 4, 0, 0.0],
		[91, 573.1891703585873, 0.0, 4, 0, 0.0],
		[102, 539.9385381760331, 0.0, 4, 0, 0.0],
		[143, 472.4770283137126, 0.0, 4, 0, 0.0],
		[144, 425.47578197422314, 0.0, 4, 0, 0.0],
		[182, 380.72372052245515, 0.0, 4, 0, 0.0],
		[208, 311.1352020972252, 0.0, 4, 0, 0.0],
		[217, 320.4066720175927, 0.0, 4, 0, 0.0],
		[226, 348.33119101558646, 0.0, 4, 0, 0.0],
		[247, 186.83922101713858, 0.0, 4, 0, 0.0],
		[259, 125.32104360502706, 0.0, 4, 0, 0.0],
		[264, 170.26498537636257, 0.0, 4, 0, 0.0],
		[291, 30.44684694760829, 0.0, 4, 0, 0.0]
	],
	[
		[0, 3601, 0.0, 0, 0, 0.0],
		[21, 775.0213339214998, 0.0, 5, 0, 0.0],
		[34, 761.3884838218518, 0.0, 5, 0, 0.0],
		[44, 673.13131647168, 0.0, 5, 0, 0.0],
		[45, 692.1871755240079, 0.0, 5, 0, 0.0],
		[53, 653.3065759288713, 0.0, 5, 0, 0.0],
		[58, 610.1641293876062, 0.0, 5, 0, 0.0],
		[82, 580.8194540482925, 0.0, 5, 0, 0.0],
		[111, 516.9162743814865, 0.0, 5, 0, 0.0],
		[145, 448.0067279644939, 0.0, 5, 0, 0.0],
		[195, 388.7457588283987, 0.0, 5, 0, 0.0],
		[234, 281.0160296277111, 0.0, 5, 0, 0.0],
		[244, 199.35120430010556, 0.0, 5, 0, 0.0],
		[249, 193.15364861299167, 0.0, 5, 0, 0.0],
		[297, 7.293080553750507, 0.0, 5, 0, 0.0]
	],
	[
		[0, 3601, 0.0, 0, 0, 0.0],
		[22, 759.7303720478732, 0.0, 6, 0, 0.0],
		[30, 726.8627586968477, 0.0, 6, 0, 0.0],
		[49, 619.0338650247627, 0.0, 6, 0, 0.0],
		[56, 622.4840119808687, 0.0, 6, 0, 0.0],
		[90, 568.7602742731142, 0.0, 6, 0, 0.0],
		[139, 440.2743709660791, 0.0, 6, 0, 0.0],
		[142, 439.388761117239, 0.0, 6, 0, 0.0],
		[146, 434.31406220092987, 0.0, 6, 0, 0.0],
		[164, 454.75706648326735, 0.0, 6, 0, 0.0],
		[186, 413.3363065297941, 0.0, 6, 0, 0.0],
		[196, 356.8945958468028, 0.0, 6, 0, 0.0],
		[199, 324.88307569110253, 0.0, 6, 0, 0.0],
		[232, 288.4794391815645, 0.0, 6, 0, 0.0],
		[242, 195.40138910568413, 0.0, 6, 0, 0.0],
		[245, 188.69007028516324, 0.0, 6, 0, 0.0],
		[252, 199.14931440583106, 0.0, 6, 0, 0.0],
		[287, 7.0605570932178185, 0.0, 6, 0, 0.0],
		[294, 56.62712309213211, 0.0, 6, 0, 0.0]
	],
	[
		[0, 3601, 0.0, 0, 0, 0.0],
		[31, 739.1148479056858, 0.0, 7, 0, 0.0],
		[38, 704.9869338608692, 0.0, 7, 0, 0.0],
		[43, 661.3569151671105, 0.0, 7, 0, 0.0],
		[48, 606.5120941530765, 0.0, 7, 0, 0.0],
		[52, 648.237366008335, 0.0, 7, 0, 0.0],
		[86, 556.7047964903654, 0.0, 7, 0, 0.0],
		[117, 481.27851264745186, 0.0, 7, 0, 0.0],
		[129, 495.86579538518237, 0.0, 7, 0, 0.0],
		[167, 409.65808739223735, 0.0, 7, 0, 0.0],
		[173, 382.3958563903585, 0.0, 7, 0, 0.0],
		[210, 323.1525419096703, 0.0, 7, 0, 0.0],
		[266, 86.24667369030549, 0.0, 7, 0, 0.0],
		[280, 106.11843258068356, 0.0, 7, 0, 0.0],
		[282, 72.43244826020032, 0.0, 7, 0, 0.0],
		[286, 2.8984545292199027, 0.0, 7, 0, 0.0],
		[298, 44.44456454708344, 0.0, 7, 0, 0.0],
		[299, 21.857645214603103, 0.0, 7, 0, 0.0]
	],
	[
		[0, 3601, 0.0, 0, 0, 0.0],
		[18, 809.7248499121894, 0.0, 8, 0, 0.0],
		[23, 777.774298620215, 0.0, 8, 0, 0.0],
		[26, 732.5429630387202, 0.0, 8, 0, 0.0],
		[27, 751.4949883097952, 0.0, 8, 0, 0.0],
		[74, 565.2487778499823, 0.0, 8, 0, 0.0],
		[78, 594.2400275108192, 0.0, 8, 0, 0.0],
		[81, 593.0207497359497, 0.0, 8, 0, 0.0],
		[108, 512.4833415336452, 0.0, 8, 0, 0.0],
		[119, 532.8869594288694, 0.0, 8, 0, 0.0],
		[120, 511.2927732697032, 0.0, 8, 0, 0.0],
		[131, 501.8866114339619, 0.0, 8, 0, 0.0],
		[135, 495.47435175074065, 0.0, 8, 0, 0.0],
		[148, 437.2178340112213, 0.0, 8, 0, 0.0],
		[151, 453.10530427895515, 0.0, 8, 0, 0.0],
		[213, 338.27564099205426, 0.0, 8, 0, 0.0],
		[225, 313.51890772139086, 0.0, 8, 0, 0.0],
		[233, 263.8688775865469, 0.0, 8, 0, 0.0],
		[257, 159.29954561938806, 0.0, 8, 0, 0.0],
		[272, 112.19029666314819, 0.0, 8, 0, 0.0],
		[277, 89.42718274798592, 0.0, 8, 0, 0.0],
		[292, 53.40176920489618, 0.0, 8, 0, 0.0]
	],
	[
		[0, 3601, 0.0, 0, 0, 0.0],
		[59, 609.3397881409661, 0.0, 9, 0, 0.0],
		[61, 564.9706723978193, 0.0, 9, 0, 0.0],
		[76, 594.533186435139, 0.0, 9, 0, 0.0],
		[84, 546.6319844383534, 0.0, 9, 0, 0.0],
		[130, 523.8375600759857, 0.0, 9, 0, 0.0],
		[136, 487.6358112348802, 0.0, 9, 0, 0.0],
		[153, 473.2721770271077, 0.0, 9, 0, 0.0],
		[163, 442.99779146866183, 0.0, 9, 0, 0.0],
		[171, 362.44636921141796, 0.0, 9, 0, 0.0],
		[172, 394.3194252145891, 0.0, 9, 0, 0.0],
		[198, 355.32772597596124, 0.0, 9, 0, 0.0],
		[206, 307.2059657805416, 0.0, 9, 0, 0.0],
		[218, 339.3501182794828, 0.0, 9, 0, 0.0],
		[220, 315.99954248430856, 0.0, 9, 0, 0.0],
		[221, 325.312708839605, 0.0, 9, 0, 0.0],
		[224, 341.4510833706483, 0.0, 9, 0, 0.0],
		[238, 269.1022694015651, 0.0, 9, 0, 0.0],
		[260, 160.82448503217694, 0.0, 9, 0, 0.0],
		[262, 137.92620325813863, 0.0, 9, 0, 0.0],
		[270, 81.31046936978383, 0.0, 9, 0, 0.0],
		[285, 28.97088958065093, 0.0, 9, 0, 0.0]
	],
	[
		[0, 3601, 0.0, 0, 0, 0.0],
		[28, 756.5935987034761, 0.0, 10, 0, 0.0],
		[37, 689.1570957875379, 0.0, 10, 0, 0.0],
		[66, 554.4095143301845, 0.0, 10, 0, 0.0],
		[67, 553.7089221078035, 0.0, 10, 0, 0.0],
		[77, 579.8466684763541, 0.0, 10, 0, 0.0],
		[87, 598.0943812914862, 0.0, 10, 0, 0.0],
		[94, 599.801741769125, 0.0, 10, 0, 0.0],
		[107, 487.85369813670445, 0.0, 10, 0, 0.0],
		[127, 537.2573364573051, 0.0, 10, 0, 0.0],
		[128, 481.7419974737456, 0.0, 10, 0, 0.0],
		[140, 464.7918439502192, 0.0, 10, 0, 0.0],
		[170, 372.7863631725117, 0.0, 10, 0, 0.0],
		[191, 366.9031962669278, 0.0, 10, 0, 0.0],
		[209, 342.39263430556144, 0.0, 10, 0, 0.0],
		[212, 322.52663787932033, 0.0, 10, 0, 0.0],
		[222, 332.9665766404891, 0.0, 10, 0, 0.0],
		[241, 215.34926177197121, 0.0, 10, 0, 0.0],
		[269, 117.9287496427545, 0.0, 10, 0, 0.0],
		[275, 95.96241841749034, 0.0, 10, 0, 0.0],
		[278, 114.30156948915456, 0.0, 10, 0, 0.0],
		[290, 54.92711585302957, 0.0, 10, 0, 0.0]
	],
	[
		[0, 3601, 0.0, 0, 0, 0.0],
		[19, 829.3546060470006, 0.0, 11, 0, 0.0],
		[25, 750.2031506915773, 0.0, 11, 0, 0.0],
		[70, 540.6373652127019, 0.0, 11, 0, 0.0],
		[96, 587.2125916810053, 0.0, 11, 0, 0.0],
		[99, 524.0944256099231, 0.0, 11, 0, 0.0],
		[124, 535.9374831937978, 0.0, 11, 0, 0.0],
		[155, 445.14315279005984, 0.0, 11, 0, 0.0],
		[158, 436.7718267838212, 0.0, 11, 0, 0.0],
		[175, 395.2791300940943, 0.0, 11, 0, 0.0],
		[201, 308.6450676696892, 0.0, 11, 0, 0.0],
		[204, 343.51626062562195, 0.0, 11, 0, 0.0],
		[211, 355.3763898438477, 0.0, 11, 0, 0.0],
		[215, 356.9631801764251, 0.0, 11, 0, 0.0],
		[216, 305.5309177411242, 0.0, 11, 0, 0.0],
		[235, 287.1752658122657, 0.0, 11, 0, 0.0],
		[240, 221.36194497637757, 0.0, 11, 0, 0.0],
		[251, 195.03745380118409, 0.0, 11, 0, 0.0],
		[261, 168.5031190679516, 0.0, 11, 0, 0.0],
		[279, 111.99000522122098, 0.0, 11, 0, 0.0],
		[281, 96.2483224471431, 0.0, 11, 0, 0.0]
	],
	[
		[0, 3601, 0.0, 0, 0, 0.0],
		[9, 844.4562810777306, 0.0, 12, 0, 0.0],
		[29, 731.3749602731368, 0.0, 12, 0, 0.0],
		[47, 653.1934222878814, 0.0, 12, 0, 0.0],
		[57, 617.8925661701866, 0.0, 12, 0, 0.0],
		[79, 541.8140875037935, 0.0, 12, 0, 0.0],
		[80, 557.2033612380299, 0.0, 12, 0, 0.0],
		[93, 564.373013529077, 0.0, 12, 0, 0.0],
		[100, 530.4275866882251, 0.0, 12, 0, 0.0],
		[122, 506.5837154349233, 0.0, 12, 0, 0.0],
		[125, 538.9733391086871, 0.0, 12, 0, 0.0],
		[133, 538.7633381533734, 0.0, 12, 0, 0.0],
		[149, 437.7143369576269, 0.0, 12, 0, 0.0],
		[152, 466.3589178106795, 0.0, 12, 0, 0.0],
		[165, 411.7596547811812, 0.0, 12, 0, 0.0],
		[169, 419.2734872480721, 0.0, 12, 0, 0.0],
		[174, 370.5829987498884, 0.0, 12, 0, 0.0],
		[192, 365.5172878626933, 0.0, 12, 0, 0.0],
		[223, 338.0166433458884, 0.0, 12, 0, 0.0],
		[228, 333.8228235627196, 0.0, 12, 0, 0.0],
		[229, 337.3166187118468, 0.0, 12, 0, 0.0],
		[271, 73.01388826146287, 0.0, 12, 0, 0.0],
		[276, 69.1145662182459, 0.0, 12, 0, 0.0],
		[289, 57.53077201300628, 0.0, 12, 0, 0.0]
	],
	[
		[0, 3601, 0.0, 0, 0, 0.0],
		[2, 873.4991353070304, 0.0, 13, 0, 0.0],
		[17, 822.3770155379025, 0.0, 13, 0, 0.0],
		[32, 732.1872930301871, 0.0, 13, 0, 0.0],
		[54, 629.2698236782666, 0.0, 13, 0, 0.0],
		[65, 561.3092231203211, 0.0, 13, 0, 0.0],
		[83, 588.4235559726554, 0.0, 13, 0, 0.0],
		[92, 544.951207178988, 0.0, 13, 0, 0.0],
		[97, 541.8722005814628, 0.0, 13, 0, 0.0],
		[103, 508.2364398123496, 0.0, 13, 0, 0.0],
		[104, 539.5816303565173, 0.0, 13, 0, 0.0],
		[114, 492.9749742769198, 0.0, 13, 0, 0.0],
		[121, 504.5189086152787, 0.0, 13, 0, 0.0],
		[137, 496.9866234118022, 0.0, 13, 0, 0.0],
		[185, 403.14527794311425, 0.0, 13, 0, 0.0],
		[207, 336.1452995354292, 0.0, 13, 0, 0.0],
		[267, 83.08067283597413, 0.0, 13, 0, 0.0]
	],
	[
		[0, 3601, 0.0, 0, 0, 0.0],
		[1, 872.9088193746805, 0.0, 14, 0, 0.0],
		[5, 875.8580965574558, 0.0, 14, 0, 0.0],
		[8, 888.7773598103923, 0.0, 14, 0, 0.0],
		[10, 857.2025993426996, 0.0, 14, 0, 0.0],
		[35, 667.5729352379725, 0.0, 14, 0, 0.0],
		[60, 576.5249779273879, 0.0, 14, 0, 0.0],
		[64, 572.6609979144913, 0.0, 14, 0, 0.0],
		[89, 564.0693126150522, 0.0, 14, 0, 0.0],
		[95, 576.5789464730767, 0.0, 14, 0, 0.0],
		[112, 480.74156042942076, 0.0, 14, 0, 0.0],
		[118, 535.660547513253, 0.0, 14, 0, 0.0],
		[150, 463.43923095156435, 0.0, 14, 0, 0.0],
		[156, 447.11461365324726, 0.0, 14, 0, 0.0],
		[159, 452.71382308566785, 0.0, 14, 0, 0.0],
		[161, 430.35783423691123, 0.0, 14, 0, 0.0],
		[168, 411.0219132845719, 0.0, 14, 0, 0.0],
		[184, 390.62078444300784, 0.0, 14, 0, 0.0],
		[187, 379.719537022455, 0.0, 14, 0, 0.0],
		[194, 393.50873119861757, 0.0, 14, 0, 0.0],
		[197, 337.877643780437, 0.0, 14, 0, 0.0],
		[219, 325.9245335984168, 0.0, 14, 0, 0.0],
		[236, 250.4813297069709, 0.0, 14, 0, 0.0],
		[237, 295.9680160558548, 0.0, 14, 0, 0.0],
		[246, 207.72244878929934, 0.0, 14, 0, 0.0],
		[253, 141.4269757233185, 0.0, 14, 0, 0.0],
		[263, 155.61964335783466, 0.0, 14, 0, 0.0],
		[265, 146.07330061809427, 0.0, 14, 0, 0.0],
		[273, 65.53247877970142, 0.0, 14, 0, 0.0]
	],
	[
		[0, 3601, 0.0, 0, 0, 0.0],
		[3, 843.6213571118996, 0.0, 15, 0, 0.0],
		[12, 886.6080225268074, 0.0, 15, 0, 0.0],
		[14, 793.0659943749021, 0.0, 15, 0, 0.0],
		[16, 835.2194691429619, 0.0, 15, 0, 0.0],
		[33, 779.7432537479431, 0.0, 15, 0, 0.0],
		[46, 686.5138363770903, 0.0, 15, 0, 0.0],
		[50, 629.4365450017746, 0.0, 15, 0, 0.0],
		[63, 590.2440680530015, 0.0, 15, 0, 0.0],
		[75, 547.4628024160246, 0.0, 15, 0, 0.0],
		[88, 576.0676937078078, 0.0, 15, 0, 0.0],
		[106, 490.031619420097, 0.0, 15, 0, 0.0],
		[113, 481.91622867732656, 0.0, 15, 0, 0.0],
		[138, 481.7257610684315, 0.0, 15, 0, 0.0],
		[141, 468.3493250120724, 0.0, 15, 0, 0.0],
		[147, 467.36447268492464, 0.0, 15, 0, 0.0],
		[176, 375.84480903298464, 0.0, 15, 0, 0.0],
		[178, 362.46127165521676, 0.0, 15, 0, 0.0],
		[179, 365.90977397747986, 0.0, 15, 0, 0.0],
		[188, 367.7659155606906, 0.0, 15, 0, 0.0],
		[202, 316.6309505943912, 0.0, 15, 0, 0.0],
		[205, 303.1175126739223, 0.0, 15, 0, 0.0],
		[227, 311.1775700647064, 0.0, 15, 0, 0.0],
		[239, 259.4465561943052, 0.0, 15, 0, 0.0],
		[256, 156.91089163957963, 0.0, 15, 0, 0.0],
		[258, 149.19073560468973, 0.0, 15, 0, 0.0],
		[283, 12.462456368283231, 0.0, 15, 0, 0.0],
		[284, 48.224287071868616, 0.0, 15, 0, 0.0],
		[295, 13.77232537853352, 0.0, 15, 0, 0.0]
	]
]