[
	[
		[0, 7200, 0.0, 0, 0, 0.0],
		[139, 757.3365727399641, 0.0, 0, 15, 0.0],
		[128, 704.264428794407, 0.0, 0, 15, 0.0],
		[123, 660.5436299028709, 0.0, 0, 2, 0.0],
		[117, 635.3686698345068, 0.0, 0, 2, 0.0],
		[83, 500.50587531613576, 0.0, 0, 12, 0.0],
		[82, 493.19285892422744, 0.0, 0, 12, 0.0],
		[65, 368.37891179292535, 0.0, 0, 7, 0.0],
		[64, 364.6483212165695, 0.0, 0, 15, 0.0],
		[58, 329.88967050436077, 0.0, 0, 6, 0.0],
		[51, 308.4664919921744, 0.0, 0, 4, 0.0],
		[35, 221.89084495200257, 0.0, 0, 6, 0.0],
		[32, 208.78875246072832, 0.0, 0, 10, 0.0],
		[21, 141.83578559311832, 0.0, 0, 10, 0.0],
		[19, 124.87766582864481, 0.0, 0, 7, 0.0],
		[12, 85.64229572186443, 0.0, 0, 8, 0.0]
	],
	[
		[0, 7200, 0.0, 0, 0, 0.0],
		[145, 819.4289176822355, 0.0, 1, 0, 0.0],
		[126, 680.1535554824653, 0.0, 1, 0, 0.0],
		[90, 537.9200658761712, 0.0, 1, 0, 0.0],
		[81, 492.793610523791, 0.0, 1, 0, 0.0],
		[62, 344.1601999443473, 0.0, 1, 0, 0.0],
		[57, 326.3512747122204, 0.0, 1, 0, 0.0],
		[36, 224.0110394044228, 0.0, 1, 0, 0.0],
		[33, 212.63262667816707, 0.0, 1, 0, 0.0]
	],
	[
		[0, 7200, 0.0, 0, 0, 0.0],
		[152, 867.2947833482846, 0.0, 2, 0, 0.0],
		[125, 667.1923206168761, 0.0, 2, 0, 0.0],
		[111, 606.4953695757675, 0.0, 2, 0, 0.0],
		[69, 390.40757017684604, 0.0, 2, 0, 0.0],
		[68, 388.8975166974208, 0.0, 2, 0, 0.0],
		[60, 337.116037535401, 0.0, 2, 0, 0.0],
		[30, 199.04786424710963, 0.0, 2, 0, 0.0],
		[7, 54.140190661600364, 0.0, 2, 0, 0.0]
	],
	[
		[0, 7200, 0.0, 0, 0, 0.0],
		[150, 859.0985193393939, 0.0, 3, 0, 0.0],
		[121, 655.9923319410475, 0.0, 3, 0, 0.0],
		[107, 583.4162342938375, 0.0, 3, 0, 0.0],
		[94, 545.313397858413, 0.0, 3, 0, 0.0],
		[87, 527.0223806141603, 0.0, 3, 0, 0.0],
		[75, 437.3536967221337, 0.0, 3, 0, 0.0],
		[73, 422.89172515010074, 0.0, 3, 0, 0.0],
		[70, 397.5428869320695, 0.0, 3, 0, 0.0],
		[63, 363.8722695257417, 0.0, 3, 0, 0.0],
		[59, 334.2931870792818, 0.0, 3, 0, 0.0],
		[49, 297.16328727466424, 0.0, 3, 0, 0.0],
		[47, 292.18897500566516, 0.0, 3, 0, 0.0],
		[20, 141.78033207679016, 0.0, 3, 0, 0.0]
	],
	[
		[0, 7200, 0.0, 0, 0, 0.0],
		[154, 873.4404423576644, 0.0, 4, 0, 0.0],
		[132, 729.6759943887982, 0.0, 4, 0, 0.0],
		[93, 542.9818091897284, 0.0, 4, 0, 0.0],
		[77, 454.1700510098587, 0.0, 4, 0, 0.0],
		[44, 274.862206218705, 0.0, 4, 0, 0.0],
		[43, 269.3173553388965, 0.0, 4, 0, 0.0],
		[42, 268.2528404729908, 0.0, 4, 0, 0.0],
		[16, 100.07968198532089, 0.0, 4, 0, 0.0],
		[11, 83.57331820816215, 0.0, 4, 0, 0.0],
		[3, 24.27292070221949, 0.0, 4, 0, 0.0]
	],
	[
		[0, 7200, 0.0, 0, 0, 0.0],
		[143, 779.5661274704021, 0.0, 5, 0, 0.0],
		[140, 767.9797427469952, 0.0, 5, 0, 0.0],
		[129, 704.3726694564242, 0.0, 5, 0, 0.0],
		[106, 582.6021335455988, 0.0, 5, 0, 0.0],
		[97, 551.5745343139598, 0.0, 5, 0, 0.0],
		[89, 534.1706978939521, 0.0, 5, 0, 0.0],
		[31, 202.4137483361102, 0.0, 5, 0, 0.0],
		[27, 179.05245240721203, 0.0, 5, 0, 0.0],
		[15, 98.70141822102799, 0.0, 5, 0, 0.0],
		[4, 33.60621862259747, 0.0, 5, 0, 0.0]
	],
	[
		[0, 7200, 0.0, 0, 0, 0.0],
		[153, 871.8185523597047, 0.0, 6, 0, 0.0],
		[149, 858.2113278738642, 0.0, 6, 0, 0.0],
		[147, 848.0078292958258, 0.0, 6, 0, 0.0],
		[144, 814.6291373541715, 0.0, 6, 0, 0.0],
		[133, 733.3912665650814, 0.0, 6, 0, 0.0],
		[98, 554.476342061538, 0.0, 6, 0, 0.0],
		[72, 416.70041250872737, 0.0, 6, 0, 0.0],
		[26, 168.38302119586024, 0.0, 6, 0, 0.0],
		[22, 145.39671050153135, 0.0, 6, 0, 0.0]
	],
	[
		[0, 7200, 0.0, 0, 0, 0.0],
		[158, 891.924333335955, 0.0, 7, 0, 0.0],
		[157, 888.4380816153107, 0.0, 7, 0, 0.0],
		[131, 721.1368405874741, 0.0, 7, 0, 0.0],
		[127, 700.1752424946976, 0.0, 7, 0, 0.0],
		[124, 663.2570499386734, 0.0, 7, 0, 0.0],
		[122, 656.3560041515121, 0.0, 7, 0, 0.0],
		[116, 632.009509734173, 0.0, 7, 0, 0.0],
		[108, 583.7444540880408, 0.0, 7, 0, 0.0],
		[96, 550.8916401320477, 0.0, 7, 0, 0.0],
		[71, 402.1693898295968, 0.0, 7, 0, 0.0],
		[54, 312.2660775442916, 0.0, 7, 0, 0.0],
		[41, 256.8232403518493, 0.0, 7, 0, 0.0],
		[28, 183.1012847044976, 0.0, 7, 0, 0.0]
	],
	[
		[0, 7200, 0.0, 0, 0, 0.0],
		[160, 892.9555186608168, 0.0, 8, 0, 0.0],
	    [159, 848.34054611273868, 0.0, 8, 0, 0.0],
		[119, 649.3022866219517, 0.0, 8, 0, 0.0],
		[118, 648.367453233886, 0.0, 8, 0, 0.0],
		[56, 323.4202612612583, 0.0, 8, 0, 0.0],
		[53, 312.15350321111464, 0.0, 8, 0, 0.0],
		[46, 290.47875471794373, 0.0, 8, 0, 0.0],
		[13, 86.34054611273868, 0.0, 8, 0, 0.0]
	],
	[
		[0, 7200, 0.0, 0, 0, 0.0],
		[115, 631.8647076236839, 0.0, 9, 0, 0.0],
		[113, 628.3009960323011, 0.0, 9, 0, 0.0],
		[101, 565.913631162785, 0.0, 9, 0, 0.0],
		[99, 555.8959670081179, 0.0, 9, 0, 0.0],
		[79, 456.1154447571341, 0.0, 9, 0, 0.0],
		[48, 293.27344969858586, 0.0, 9, 0, 0.0],
		[25, 162.43735522587988, 0.0, 9, 0, 0.0],
		[10, 76.3331980988263, 0.0, 9, 0, 0.0],
		[6, 44.701365562109096, 0.0, 9, 0, 0.0],
		[5, 40.36446602266763, 0.0, 9, 0, 0.0]
	],
	[
		[0, 7200, 0.0, 0, 0, 0.0],
		[146, 845.4747439733615, 0.0, 10, 0, 0.0],
		[109, 589.4541231555343, 0.0, 10, 0, 0.0],
		[100, 556.76648987522, 0.0, 10, 0, 0.0],
		[95, 546.8138948031844, 0.0, 10, 0, 0.0],
		[92, 539.598922675507, 0.0, 10, 0, 0.0],
		[88, 530.2490045598922, 0.0, 10, 0, 0.0],
		[76, 439.78651431240496, 0.0, 10, 0, 0.0],
		[74, 423.7814342319885, 0.0, 10, 0, 0.0],
		[17, 111.78296764549744, 0.0, 10, 0, 0.0],
		[9, 66.37890058204779, 0.0, 10, 0, 0.0]
	],
	[
		[0, 7200, 0.0, 0, 0, 0.0],
		[155, 883.0124690255897, 0.0, 11, 0, 0.0],
		[135, 738.6758001437946, 0.0, 11, 0, 0.0],
		[130, 704.4989847207338, 0.0, 11, 0, 0.0],
		[112, 612.226203138855, 0.0, 11, 0, 0.0],
		[66, 375.25439636707745, 0.0, 11, 0, 0.0],
		[50, 298.48585029601975, 0.0, 11, 0, 0.0],
		[45, 289.12698871664026, 0.0, 11, 0, 0.0],
		[34, 216.88854445515753, 0.0, 11, 0, 0.0],
		[2, 18.284823875570456, 0.0, 11, 0, 0.0]
	],
	[
		[0, 7200, 0.0, 0, 0, 0.0],
		[156, 883.5681427915054, 0.0, 12, 0, 0.0],
		[151, 862.138615565634, 0.0, 12, 0, 0.0],
		[141, 769.5063603402945, 0.0, 12, 0, 0.0],
		[138, 755.9730977434683, 0.0, 12, 0, 0.0],
		[110, 589.6567879265807, 0.0, 12, 0, 0.0],
		[105, 581.4487689929991, 0.0, 12, 0, 0.0],
		[84, 503.5038307235488, 0.0, 12, 0, 0.0],
		[78, 454.2866341105911, 0.0, 12, 0, 0.0],
		[67, 376.649591939606, 0.0, 12, 0, 0.0],
		[61, 340.1737663541011, 0.0, 12, 0, 0.0],
		[38, 239.73963641045282, 0.0, 12, 0, 0.0]
	],
	[
		[0, 7200, 0.0, 0, 0, 0.0],
		[142, 772.2984205891996, 0.0, 13, 0, 0.0],
		[137, 754.0356445438553, 0.0, 13, 0, 0.0],
		[120, 652.7651710680512, 0.0, 13, 0, 0.0],
		[114, 631.1634878058038, 0.0, 13, 0, 0.0],
		[80, 473.9267871519161, 0.0, 13, 0, 0.0],
		[39, 246.52311446521753, 0.0, 13, 0, 0.0],
		[14, 86.95534481662482, 0.0, 13, 0, 0.0],
		[1, 12.131118900443333, 0.0, 13, 0, 0.0]
	],
	[
		[0, 7200, 0.0, 0, 0, 0.0],
		[136, 748.5521509032168, 0.0, 14, 0, 0.0],
		[134, 733.4471880581905, 0.0, 14, 0, 0.0],
		[104, 580.2449874314514, 0.0, 14, 0, 0.0],
		[103, 576.9114665697533, 0.0, 14, 0, 0.0],
		[102, 567.9486131790735, 0.0, 14, 0, 0.0],
		[91, 538.3649556889704, 0.0, 14, 0, 0.0],
		[86, 516.9157411828841, 0.0, 14, 0, 0.0],
		[85, 516.6993029529966, 0.0, 14, 0, 0.0],
		[55, 313.7007450883339, 0.0, 14, 0, 0.0],
		[52, 311.5784248690937, 0.0, 14, 0, 0.0],
		[29, 191.0894895451435, 0.0, 14, 0, 0.0],
		[24, 156.63196749807435, 0.0, 14, 0, 0.0]
	],
	[
		[0, 7200, 0.0, 0, 0, 0.0],
		[148, 848.7302088229003, 0.0, 15, 0, 0.0],
		[40, 254.01122164532953, 0.0, 15, 0, 0.0],
		[37, 227.08136798976932, 0.0, 15, 0, 0.0],
		[23, 149.78946071350532, 0.0, 15, 0, 0.0],
		[18, 119.26200096591998, 0.0, 15, 0, 0.0],
		[8, 61.28378563661008, 0.0, 15, 0, 0.0]
	]
]